1 0.640723 0.629418 0.113021 0.146588 0.611245
1 0.765198 0.737557 0.0535612 0.0588821 0.352221
1 0.0430193 0.699761 0.0860387 0.150291 0.34004
1 0.400484 0.316134 0.0502025 0.0506993 0.318395
1 0.0341948 0.719342 0.0683897 0.101434 0.312509
1 0.438758 0.601987 0.108551 0.116389 0.286602
1 0.121018 0.0947958 0.096575 0.101648 0.246157
1 0.765486 0.736693 0.0745844 0.0720593 0.234778
1 0.882365 0.44275 0.0589279 0.0643473 0.230971
1 0.0375339 0.709802 0.0750678 0.111829 0.211476
1 0.434305 0.594766 0.100719 0.102772 0.187746
1 0.506971 0.722273 0.0802671 0.0976374 0.151995
1 0.25748 0.869954 0.0345339 0.0368809 0.140889
1 0.277802 0.294385 0.0397062 0.0416794 0.140813
1 0.506008 0.727421 0.0692394 0.0860312 0.127853
1 0.581576 0.980832 0.0418489 0.0383364 0.126789
1 0.0710272 0.44953 0.0402001 0.0458457 0.126707
1 0.457875 0.305436 0.0343819 0.0441469 0.122957
1 0.794742 0.906603 0.0561131 0.061994 0.117531
1 0.446725 0.594104 0.104417 0.102423 0.116649
1 0.0413189 0.716459 0.0826378 0.147306 0.107802
1 0.889096 0.443906 0.070932 0.0747678 0.0914908
1 0.39739 0.316056 0.0391321 0.0414865 0.0888449
1 0.118735 0.100216 0.0747538 0.0853629 0.0882025
0 0.842461 0.587995 0.0401146 0.0550476 0.0879284
1 0.129382 0.196258 0.0395043 0.0427796 0.0877818
0 0.16808 0.932624 0.0593282 0.0671717 0.082269
0 0.245399 0.24585 0.0425131 0.0571502 0.0820674
0 0.69627 0.193389 0.0413824 0.0494539 0.0763033
0 0.541307 0.477025 0.0422874 0.0501881 0.0752512
0 0.429664 0.50395 0.0452871 0.0490166 0.0746176
1 0.6568 0.979342 0.0512462 0.0413153 0.0735009
1 0.109956 0.0927757 0.0867589 0.104062 0.0682816
0 0.701404 0.193009 0.0548794 0.0661159 0.0675358
1 0.176084 0.977014 0.0613445 0.0445887 0.0660658
1 0.0428342 0.472733 0.0244697 0.0300973 0.0652251
0 0.766962 0.578158 0.0434198 0.0583159 0.0650746
1 0.558362 0.329827 0.0799789 0.0943766 0.064297
1 0.433729 0.599982 0.0829031 0.0887315 0.064036
1 0.758457 0.738558 0.0480082 0.0534055 0.0633442
1 0.569977 0.331296 0.0902938 0.0973217 0.0620936
1 0.0713066 0.451001 0.030782 0.0349039 0.0604555
1 0.731773 0.883503 0.0730672 0.0865292 0.0592479
1 0.542417 0.112256 0.0378027 0.0399173 0.0587786
1 0.894511 0.0187615 0.060186 0.037523 0.0567858
0 0.169065 0.682205 0.0502033 0.0589628 0.0566434
1 0.42004 0.14645 0.0364663 0.03748 0.0566034
1 0.0755163 0.449902 0.0370383 0.0446758 0.056176
0 0.916913 0.855774 0.0463467 0.0529964 0.0557436
1 0.128148 0.280024 0.0391998 0.042162 0.0557332
0 0.966968 0.483003 0.0475365 0.0477629 0.0529163
1 0.0396418 0.698201 0.0792836 0.11811 0.052855
0 0.777737 0.129446 0.0562468 0.0701824 0.0520737
0 0.415874 0.0403212 0.0470824 0.0547499 0.0506141
0 0.865642 0.809134 0.0555431 0.0603319 0.0494731
1 0.382348 0.877184 0.0438502 0.0540905 0.0490904
0 0.294747 0.0965048 0.0535764 0.0612528 0.048063
1 0.445327 0.600606 0.0851341 0.0874264 0.04706
1 0.639506 0.639628 0.105424 0.146244 0.0465649
0 0.553041 0.896855 0.0579302 0.0615776 0.0464654
0 0.865902 0.979878 0.0463425 0.0402438 0.0448146
0 0.726952 0.0284565 0.046829 0.0548147 0.0446905
0 0.771086 0.128433 0.0438211 0.0589975 0.0440786
1 0.543538 0.159789 0.059396 0.0628113 0.0437589
1 0.381309 0.874623 0.0629908 0.0654038 0.0434579
0 0.977451 0.75542 0.0440697 0.0661455 0.0426659
1 0.569466 0.628705 0.0276596 0.0329186 0.042626
1 0.0756163 0.448812 0.0550155 0.0585011 0.042015
0 0.240735 0.975442 0.0485524 0.0491169 0.0419112
0 0.594919 0.845501 0.044643 0.0525146 0.041171
1 0.382204 0.698359 0.064105 0.0757433 0.0405721
1 0.564157 0.326379 0.0953682 0.122526 0.0405035
0 0.782037 0.0836389 0.0486484 0.0543007 0.0396518
0 0.719342 0.0238999 0.0481967 0.0472617 0.0392727
0 0.780015 0.350578 0.0597015 0.064801 0.0388065
0 0.790199 0.354212 0.0675858 0.0811397 0.0387175
0 0.982725 0.328801 0.0325777 0.0496067 0.0386995
1 0.0288447 0.709768 0.0576894 0.119596 0.038535
0 0.119191 0.363942 0.042155 0.0519823 0.0382989
0 0.317082 0.489924 0.0384003 0.0418955 0.0380111
0 0.831041 0.306119 0.0403252 0.0506332 0.0375316
1 0.301996 0.235374 0.0383215 0.040056 0.0371275
0 0.678739 0.402246 0.0374556 0.0463104 0.0370788
0 0.857645 0.979314 0.0498951 0.0413723 0.0369405
1 0.0437858 0.473994 0.0336598 0.0384912 0.036584
1 0.128816 0.196839 0.0294397 0.0328121 0.0362803
1 0.801655 0.90844 0.0676667 0.066238 0.0356162
0 0.909537 0.855975 0.0413811 0.0518209 0.0351414
1 0.455269 0.304313 0.0509085 0.0527402 0.0351335
0 0.404289 0.425375 0.0451828 0.0634841 0.0347772
1 0.332129 0.462147 0.0262735 0.0280504 0.0340675
1 0.11358 0.0828616 0.111832 0.126273 0.0339023
1 0.0783656 0.394738 0.0289846 0.0308084 0.0337818
0 0.251511 0.24933 0.0409834 0.0525138 0.0337028
0 0.445673 0.166608 0.0310675 0.0386713 0.0335656
0 0.0188807 0.299852 0.0377613 0.0446089 0.0335017
0 0.24176 0.608324 0.0470586 0.0524954 0.0332102
0 0.352937 0.979588 0.0612648 0.0408232 0.0331953
0 0.440697 0.903414 0.053108 0.0570713 0.0330019
0 0.865542 0.810636 0.0383028 0.0519365 0.0329789
1 0.844228 0.700483 0.0273415 0.0312576 0.0325072
0 0.654409 0.795291 0.0366735 0.0382196 0.0324593
0 0.789864 0.086617 0.0468694 0.0527734 0.0321529
0 0.653127 0.369535 0.0543305 0.0605122 0.0321007
1 0.889443 0.446483 0.0470192 0.0527603 0.0320556
0 0.0554737 0.951185 0.0402072 0.0523085 0.0320459
1 0.392934 0.685648 0.0813651 0.0768015 0.0319756
1 0.8214 0.0287699 0.0364349 0.042607 0.0319725
0 0.933446 0.242366 0.0343662 0.0422864 0.0319542
0 0.244585 0.248963 0.0316592 0.0446674 0.0315842
1 0.802541 0.910682 0.0510242 0.0479809 0.0315757
1 0.938918 0.569986 0.0417276 0.0447097 0.0314864
1 0.542712 0.158655 0.0398031 0.0514972 0.0308676
0 0.28237 0.680091 0.0460023 0.055357 0.0306643
0 0.319311 0.330274 0.0381282 0.0510438 0.0306231
0 0.928547 0.799412 0.0471622 0.0513447 0.0305421
0 0.852107 0.0805455 0.0486744 0.0576002 0.0304856
0 0.964889 0.484857 0.0356565 0.0389465 0.0302845
0 0.250995 0.245734 0.0554316 0.0692526 0.0301958
0 0.302457 0.0993721 0.0498395 0.0599931 0.0298987
0 0.859424 0.807945 0.0460558 0.0540596 0.0298582
0 0.541268 0.474803 0.0629269 0.064325 0.0296018
1 0.98021 0.176636 0.038002 0.0790081 0.0294036
0 0.455365 0.0195993 0.0418851 0.0374891 0.0294018
1 0.857368 0.736492 0.0419247 0.0453935 0.0287679
1 0.977609 0.967399 0.0352455 0.0405491 0.0286988
0 0.343042 0.979805 0.0591087 0.0403904 0.0286801
0 0.841914 0.516029 0.0519909 0.0678005 0.0286021
0 0.403525 0.788921 0.0415335 0.0483284 0.0285524
1 0.54171 0.113238 0.0491701 0.0514049 0.0285412
1 0.0281535 0.720712 0.056307 0.114274 0.0284589
1 0.112382 0.0951462 0.0989417 0.120482 0.0284492
0 0.851058 0.59318 0.0568161 0.0731672 0.0284411
0 0.652886 0.112162 0.0554089 0.0642809 0.0282216
0 0.980232 0.324537 0.0395357 0.0583528 0.0281179
0 0.392921 0.786627 0.0460929 0.0511622 0.0277586
0 0.755739 0.248474 0.0419324 0.0403515 0.0276724
0 0.0674043 0.341491 0.0318348 0.0424405 0.0273392
0 0.84322 0.587004 0.0590256 0.0673164 0.0272234
0 0.32824 0.720267 0.0528467 0.0701153 0.0270253
1 0.878334 0.658935 0.0264896 0.0306753 0.0269924
1 0.392145 0.694331 0.0636868 0.0676889 0.026918
0 0.229714 0.718494 0.0471007 0.0499633 0.0266834
0 0.679628 0.397355 0.0601252 0.068727 0.0265341
1 0.794088 0.910803 0.0448189 0.0446852 0.0263074
0 0.404839 0.39732 0.0683575 0.0874588 0.0262425
0 0.230871 0.974306 0.0600286 0.0513888 0.0262116
1 0.87919 0.659265 0.0370995 0.0413259 0.026208
1 0.27464 0.292948 0.0318377 0.0368073 0.0261798
0 0.55425 0.897208 0.0412346 0.0478455 0.0260303
0 0.921712 0.371458 0.0389713 0.0493217 0.0257521
0 0.0683512 0.336792 0.0446667 0.0528712 0.0257467
0 0.390743 0.24086 0.0303467 0.0342519 0.0257214
1 0.662254 0.977279 0.0613558 0.0454412 0.0254998
1 0.645818 0.112988 0.0409838 0.0512821 0.0254971
0 0.139814 0.818714 0.045361 0.0539358 0.025227
0 0.720447 0.0252996 0.032926 0.0409591 0.0251458
1 0.33121 0.46093 0.036365 0.0367805 0.0250007
1 0.496947 0.727863 0.0670387 0.0903563 0.0248559
0 0.965104 0.404204 0.0504715 0.0610995 0.0248404
1 0.382062 0.68555 0.085632 0.0969579 0.0243939
0 0.915123 0.167376 0.0521881 0.0612947 0.0243839
0 0.418612 0.832486 0.0443558 0.0478962 0.0238211
0 0.766953 0.57453 0.0608864 0.0676632 0.023705
0 0.780275 0.402861 0.0381683 0.041301 0.0235745
0 0.808598 0.231685 0.0366085 0.0446353 0.0233754
0 0.437064 0.503476 0.0529182 0.0571632 0.0233573
0 0.926332 0.371275 0.0532013 0.0609076 0.0232242
1 0.857826 0.736856 0.0313641 0.035885 0.0230506
1 0.0248174 0.685601 0.0496349 0.116278 0.0229544
1 0.758229 0.737611 0.0678324 0.0688364 0.0229517
0 0.441877 0.819368 0.0473401 0.0496945 0.0228663
0 0.327789 0.332055 0.0469581 0.0662173 0.0227532
1 0.279303 0.296542 0.0272994 0.0323899 0.0227193
1 0.854434 0.353036 0.0261913 0.0311118 0.0226527
0 0.231693 0.343643 0.0267721 0.0307223 0.0222764
0 0.328811 0.72493 0.0395394 0.0573778 0.022274
0 0.915143 0.489065 0.0340059 0.0402319 0.0222577
0 0.681139 0.0455751 0.0421854 0.056256 0.0222226
1 0.389023 0.877175 0.0549284 0.0641201 0.0221927
0 0.409607 0.0410429 0.0388142 0.046782 0.0219433
0 0.978709 0.761079 0.0355698 0.0520096 0.0218843
0 0.256478 0.660377 0.0428089 0.0481009 0.0217028
0 0.804867 0.482994 0.0403026 0.0453674 0.0216836
0 0.167632 0.935228 0.0454884 0.0533772 0.0216833
0 0.290818 0.675066 0.0523053 0.0571633 0.0215566
0 0.929628 0.798842 0.0308327 0.0389685 0.0214928
1 0.95972 0.404395 0.0428608 0.0502466 0.0213894
1 0.944399 0.301649 0.0319069 0.0353608 0.0213642
0 0.25788 0.663376 0.0306826 0.0389687 0.0212076
1 0.56838 0.33686 0.0731603 0.0802248 0.0211524
0 0.268837 0.50287 0.0234612 0.0296844 0.0209924
1 0.903534 0.0216221 0.0690239 0.0432443 0.020945
0 0.87919 0.659265 0.0370995 0.0413259 0.0209166
1 0.118854 0.361591 0.0595734 0.0665803 0.0208753
0 0.39053 0.240119 0.0506351 0.0500813 0.0208306
1 0.685297 0.267217 0.0276785 0.0340227 0.0208236
0 0.157426 0.230548 0.0283797 0.0307784 0.0206332
0 0.134664 0.817925 0.0339511 0.0398832 0.0205469
0 0.102304 0.242266 0.0421627 0.0487245 0.0205254
0 0.768691 0.124584 0.0609604 0.0727554 0.0204807
0 0.290029 0.677145 0.0399158 0.0503119 0.0204182
0 0.907444 0.164499 0.0412865 0.0470369 0.0203676
0 0.30266 0.0964058 0.0696132 0.0803288 0.0202942
0 0.846476 0.0806201 0.0422089 0.0532682 0.0202529
1 0.345591 0.0137545 0.0372489 0.0275089 0.0202483
0 0.604399 0.515788 0.0394119 0.0412891 0.0201972
0 0.0959273 0.52053 0.0434748 0.0498609 0.0200755
0 0.97174 0.757295 0.0391418 0.0521154 0.0199517
0 0.330852 0.917107 0.0330403 0.0362782 0.0198889
0 0.391314 0.783709 0.0583015 0.0627327 0.0198629
0 0.329786 0.832701 0.0492523 0.0659512 0.0197966
0 0.838684 0.308647 0.0504515 0.0619282 0.019764
1 0.401967 0.313664 0.067557 0.0669569 0.0196746
0 0.567166 0.81294 0.04366 0.0425716 0.0196151
0 0.176738 0.937265 0.0508364 0.0610704 0.0194289
0 0.383877 0.78323 0.0499777 0.0549875 0.0194087
0 0.535815 0.477478 0.0354408 0.0415201 0.0193673
0 0.205726 0.834367 0.044013 0.0526949 0.0193589
1 0.260358 0.872165 0.0526825 0.0562576 0.0192304
0 0.422931 0.505304 0.0379061 0.0428481 0.0191911
0 0.429359 0.501104 0.062928 0.0618394 0.0191865
0 0.781405 0.083671 0.0376715 0.0450211 0.019155
1 0.645393 0.6409 0.0892925 0.0980457 0.0191096
1 0.167858 0.978305 0.0593174 0.0426702 0.0191029
0 0.603542 0.853672 0.050282 0.0645931 0.0188773
0 0.703189 0.198451 0.0393532 0.051734 0.0188479
0 0.178008 0.328438 0.0328201 0.0390329 0.0187642
0 0.327996 0.83765 0.0394024 0.0597851 0.0182458
0 0.343749 0.521799 0.028222 0.0326479 0.0181659
1 0.303496 0.235103 0.0248125 0.0303776 0.0181562
1 0.881569 0.446053 0.0436256 0.0495916 0.0181537
1 0.0311184 0.725332 0.058544 0.0820738 0.0181443
0 0.132065 0.979235 0.0387949 0.0415304 0.0181036
0 0.919033 0.969282 0.0396862 0.047168 0.0180815
1 0.242215 0.0963785 0.0452027 0.0599035 0.0180646
0 0.327537 0.342011 0.0433475 0.0687901 0.0180222
0 0.232437 0.608546 0.0539195 0.062915 0.0180195
1 0.556769 0.334752 0.0652467 0.0738243 0.0178802
0 0.771501 0.349074 0.0649099 0.0715841 0.0178746
0 0.790223 0.79026 0.031432 0.034672 0.0178505
0 0.180252 0.341148 0.0295492 0.0412367 0.0178138
0 0.770642 0.350514 0.0477756 0.0563571 0.0177922
1 0.731177 0.886045 0.0565561 0.0683489 0.0177915
0 0.294525 0.0986071 0.0361504 0.0477402 0.0177519
0 0.803565 0.659835 0.0495994 0.0506538 0.017729
0 0.854728 0.352032 0.0403938 0.0439465 0.0176008
0 0.795772 0.284931 0.032711 0.0374464 0.0175679
0 0.176555 0.933871 0.0623369 0.0790003 0.0174957
0 0.405189 0.975074 0.0390139 0.0487911 0.0174947
1 0.645726 0.171789 0.0327623 0.0390474 0.0174937
0 0.0177019 0.29973 0.0250623 0.0317088 0.0174596
1 0.119191 0.363942 0.042155 0.0519823 0.017458
0 0.415845 0.0370704 0.0651868 0.0665681 0.0173717
0 0.0956114 0.52909 0.0369687 0.0532618 0.0173667
0 0.681472 0.0522273 0.0329093 0.047914 0.0172191
0 0.147243 0.420516 0.0290988 0.0313921 0.017216
1 0.303571 0.60948 0.0289132 0.0352178 0.0171575
0 0.778916 0.122659 0.070652 0.0922966 0.0171026
1 0.0276677 0.697998 0.0553354 0.120154 0.0170249
1 0.461063 0.305773 0.0505936 0.0587616 0.0166552
1 0.93583 0.566873 0.0301762 0.0350569 0.0166466
0 0.916732 0.851667 0.0653042 0.0651709 0.0165991
0 0.102756 0.540078 0.040841 0.058176 0.0164463
0 0.593625 0.93919 0.0340946 0.0378742 0.0164377
1 0.256148 0.871427 0.0269017 0.0323402 0.0163599
0 0.404898 0.968915 0.0536955 0.0621696 0.0162992
0 0.552685 0.854708 0.0432581 0.0518967 0.0161848
1 0.122501 0.0834612 0.120217 0.11997 0.0161667
0 0.54683 0.895408 0.0452189 0.0498302 0.0160517
1 0.880946 0.438916 0.0813404 0.0823109 0.016044
0 0.303873 0.609238 0.0417939 0.0446115 0.0160249
0 0.449838 0.905176 0.0569388 0.0687635 0.016021
1 0.221767 0.17936 0.0306047 0.0331648 0.0159903
0 0.855597 0.277249 0.0419571 0.0508127 0.015961
1 0.579149 0.0646193 0.025551 0.0348607 0.0159569
0 0.429159 0.719622 0.0439717 0.0524559 0.0159242
0 0.915688 0.487946 0.0498535 0.0511138 0.0158477
0 0.321986 0.834072 0.0406733 0.0599348 0.0157962
0 0.0554206 0.948638 0.0608649 0.0679073 0.0157893
0 0.820165 0.966149 0.0323811 0.0390472 0.0157535
0 0.428564 0.830511 0.0590527 0.0603376 0.0157358
0 0.593229 0.181757 0.0716448 0.0801682 0.0156764
0 0.204658 0.732933 0.0614095 0.0681022 0.0155938
0 0.772125 0.40419 0.037174 0.0423901 0.0155759
1 0.81865 0.0276178 0.0529957 0.0537537 0.0155646
0 0.176291 0.682364 0.0602379 0.0719141 0.0155449
1 0.645658 0.110047 0.0638523 0.0686578 0.0155212
1 0.298314 0.231641 0.0276929 0.0325531 0.0154367
0 0.979656 0.643788 0.0402355 0.0688328 0.0153944
0 0.595661 0.850479 0.03208 0.042417 0.0153647
0 0.780438 0.348786 0.0782726 0.0822442 0.0153617
1 0.43408 0.905056 0.0440903 0.0461708 0.0153307
0 0.102321 0.529228 0.0460029 0.0660289 0.0152933
0 0.454897 0.980454 0.0505566 0.0390928 0.0152657
0 0.0519601 0.901643 0.0406767 0.0374056 0.0152542
0 0.168831 0.684935 0.0379997 0.0469059 0.0151032
0 0.125946 0.365041 0.053541 0.0655893 0.0150592
0 0.654813 0.798399 0.0258245 0.0322062 0.0149661
0 0.129267 0.396743 0.0293124 0.0337205 0.0148902
