1 0.1846 0.0954646 0.130918 0.150056 0.255857
1 0.104736 0.975069 0.0675871 0.0475361 0.170435
0 0.170268 0.469706 0.0568516 0.0626486 0.141751
1 0.172365 0.0843198 0.121357 0.149095 0.135896
1 0.21881 0.501345 0.0529773 0.0535541 0.13261
0 0.444779 0.691018 0.0518461 0.0538307 0.129075
1 0.185024 0.0846347 0.143249 0.157207 0.114109
0 0.657186 0.842987 0.0560326 0.06 0.105753
0 0.219972 0.282469 0.0474664 0.0504972 0.103873
0 0.430005 0.119804 0.0567507 0.0576266 0.102782
1 0.16257 0.178211 0.054654 0.0540225 0.0990001
0 0.144105 0.564817 0.0506608 0.059581 0.0988263
1 0.504102 0.918922 0.0408861 0.0523544 0.0984151
1 0.115404 0.974631 0.0713407 0.0507387 0.0950313
0 0.664863 0.84364 0.059796 0.0654322 0.0935098
1 0.558576 0.69827 0.0814905 0.092991 0.0905574
0 0.895481 0.594194 0.0501463 0.0648445 0.0885077
1 0.219887 0.502009 0.0382745 0.0443632 0.0850454
0 0.119338 0.289794 0.0435247 0.0534901 0.0843525
1 0.107309 0.967564 0.0830307 0.0648712 0.0841352
0 0.7158 0.0996224 0.0478212 0.0534643 0.0839991
0 0.667954 0.932138 0.0553733 0.0583767 0.083624
1 0.368297 0.835836 0.0330919 0.036573 0.082897
0 0.655652 0.633184 0.0599318 0.0629574 0.0786018
0 0.116843 0.463033 0.0376429 0.0475265 0.0769454
0 0.164507 0.845024 0.0659187 0.0737011 0.0759938
0 0.70853 0.0953075 0.0536842 0.0585016 0.0741232
1 0.544752 0.143116 0.0919355 0.0890878 0.0740377
0 0.714865 0.0974632 0.0668529 0.0696407 0.0739746
0 0.367112 0.642892 0.0601696 0.0630478 0.0732051
1 0.555062 0.0337425 0.03714 0.0436867 0.0719648
0 0.151276 0.567288 0.0588203 0.0698122 0.0715762
0 0.116454 0.461906 0.0580969 0.0620077 0.0688266
0 0.452568 0.693225 0.0660844 0.0673059 0.0686226
1 0.93847 0.774797 0.0849854 0.129084 0.0684402
0 0.657838 0.555294 0.044213 0.0474325 0.0663875
0 0.296377 0.769653 0.04067 0.0450815 0.065992
1 0.709753 0.763412 0.0544729 0.0721333 0.0650333
1 0.557786 0.702193 0.0706196 0.0840618 0.0642107
1 0.569107 0.704043 0.0813907 0.0913694 0.0638951
0 0.422237 0.118508 0.0538862 0.052185 0.0638612
0 0.019974 0.630148 0.0394579 0.0669446 0.0630805
1 0.717402 0.765607 0.0709283 0.081249 0.0625032
0 0.469116 0.219192 0.0636269 0.0732803 0.0612465
0 0.415211 0.218144 0.0586937 0.0668323 0.059264
0 0.840899 0.681441 0.0648235 0.0756062 0.0585741
0 0.604186 0.455232 0.0513985 0.0624098 0.0578997
1 0.159332 0.178519 0.0403406 0.0425339 0.0578461
0 0.304247 0.940312 0.0514801 0.0594767 0.0574187
1 0.367556 0.834005 0.0235444 0.0295403 0.0570839
1 0.881936 0.753496 0.0397341 0.0553247 0.0563857
0 0.408998 0.217857 0.040094 0.04702 0.0560518
0 0.317453 0.405812 0.0651525 0.0769332 0.0558768
0 0.430141 0.122746 0.0429281 0.0446205 0.0558501
0 0.158908 0.842802 0.0467939 0.0519527 0.0554125
0 0.308932 0.404812 0.057007 0.0655841 0.0550762
0 0.720557 0.494317 0.0489147 0.0614401 0.0548317
0 0.416933 0.751227 0.052801 0.0541559 0.0547822
0 0.143214 0.561737 0.0726607 0.0766701 0.0543012
1 0.296537 0.0880983 0.0467251 0.0658003 0.0541886
0 0.357861 0.644859 0.0582493 0.0604808 0.0533056
0 0.204337 0.324331 0.0555656 0.0604984 0.0513906
0 0.433407 0.936932 0.0362461 0.0423355 0.0509479
0 0.766509 0.819886 0.0635887 0.070928 0.050669
0 0.682225 0.205124 0.0475016 0.0600427 0.0498446
1 0.534377 0.143562 0.0740468 0.0780606 0.0495723
1 0.553704 0.0347404 0.0282558 0.0320767 0.0477607
0 0.442948 0.688334 0.0724603 0.0714104 0.0473768
1 0.981561 0.6661 0.0357224 0.0791086 0.047298
0 0.16667 0.927423 0.0520924 0.0603523 0.0463858
0 0.125749 0.291913 0.0557337 0.0662381 0.0448112
1 0.980359 0.781357 0.0392828 0.0738005 0.0446477
1 0.26793 0.596167 0.0611258 0.061041 0.0446149
0 0.832104 0.682321 0.0589888 0.0661877 0.0435754
0 0.0966235 0.541033 0.0414741 0.049192 0.043334
1 0.505871 0.0148981 0.0398788 0.0297961 0.0433117
1 0.98403 0.476115 0.0294994 0.0510145 0.043224
0 0.942146 0.398327 0.0499847 0.0600946 0.0431215
0 0.168998 0.920747 0.0728994 0.0887596 0.0427249
0 0.781656 0.524861 0.0430351 0.0506464 0.0415033
1 0.297362 0.0829587 0.0671207 0.0843862 0.0413288
0 0.581139 0.626688 0.0494411 0.0489948 0.0413052
0 0.983109 0.843046 0.0319904 0.054369 0.0409358
0 0.104599 0.540893 0.0497778 0.0533573 0.0405403
0 0.580329 0.979193 0.0516938 0.0416145 0.0404915
0 0.330549 0.359453 0.0436593 0.0468622 0.040339
0 0.655701 0.635661 0.0454364 0.0518888 0.039932
0 0.75364 0.219787 0.0581193 0.0602815 0.0397801
0 0.446065 0.291596 0.0605079 0.0643035 0.0395832
1 0.173018 0.0810523 0.113748 0.118234 0.0395784
1 0.708527 0.761346 0.0766412 0.0885054 0.0394541
0 0.903229 0.593026 0.055394 0.0743633 0.0386017
0 0.629323 0.819337 0.0503681 0.0577929 0.0384831
0 0.226396 0.283666 0.0608249 0.064918 0.0383004
0 0.0882348 0.494234 0.050488 0.0551687 0.0382083
0 0.664857 0.637697 0.0496547 0.056814 0.0381961
0 0.479555 0.226115 0.061153 0.0660035 0.0377288
0 0.729018 0.495938 0.0697551 0.0805188 0.037696
0 0.10498 0.66379 0.0499902 0.0523777 0.0372701
0 0.082031 0.320844 0.0381938 0.0479233 0.0371725
0 0.783433 0.0417316 0.0371896 0.0510497 0.0371287
0 0.159256 0.928891 0.043289 0.0492661 0.0369289
1 0.919839 0.509816 0.082867 0.0938185 0.0365941
0 0.704635 0.562704 0.0489799 0.0491665 0.0365042
0 0.429892 0.621378 0.0672774 0.0691378 0.0364609
1 0.718194 0.761559 0.0894709 0.0942374 0.0361932
0 0.814179 0.80689 0.0444034 0.0482538 0.0357927
0 0.570459 0.847863 0.0430597 0.0472092 0.0357276
0 0.328059 0.220154 0.0491126 0.0497244 0.0350615
1 0.117186 0.966511 0.0886462 0.0669773 0.0347377
0 0.408566 0.750919 0.0379088 0.0412382 0.0345711
0 0.105406 0.658055 0.0657352 0.0698763 0.0344385
0 0.708422 0.604128 0.0377598 0.0418246 0.0344342
1 0.50532 0.0149921 0.0500454 0.0299843 0.0343076
0 0.430185 0.625574 0.0513243 0.0513747 0.0342543
1 0.570546 0.697547 0.0978317 0.0996475 0.0341292
0 0.294094 0.935151 0.0513586 0.0601582 0.0340541
1 0.0206621 0.218536 0.0379346 0.0787062 0.0337757
0 0.583738 0.5161 0.0542444 0.0611038 0.0337709
1 0.019227 0.226251 0.0337055 0.0655165 0.0336123
0 0.582642 0.510015 0.0808199 0.0847279 0.033511
0 0.256425 0.36874 0.0462429 0.0634731 0.0334932
0 0.591194 0.517308 0.0733648 0.0741919 0.0333138
0 0.177889 0.467673 0.0618546 0.0743156 0.0332612
0 0.868477 0.835629 0.037216 0.0381496 0.0332299
0 0.980412 0.104732 0.0361084 0.0547719 0.0331562
0 0.440813 0.841826 0.043303 0.0646217 0.0329345
0 0.0841279 0.492504 0.0386225 0.0481283 0.0327306
0 0.340888 0.0342674 0.0503046 0.0540967 0.0325398
0 0.0936976 0.658885 0.0655423 0.0798846 0.0323487
1 0.274615 0.837406 0.0291402 0.0329973 0.0322867
0 0.790904 0.0427639 0.0498287 0.0617691 0.0321748
0 0.09371 0.666276 0.0536197 0.0598971 0.0321572
0 0.118235 0.286896 0.0650248 0.0692338 0.0321495
1 0.932521 0.764363 0.0918648 0.0778181 0.0321343
0 0.666681 0.555823 0.0601118 0.0615804 0.0319374
0 0.596723 0.453588 0.0397073 0.0466282 0.0318407
0 0.529396 0.528285 0.0333822 0.0380497 0.0318106
0 0.767687 0.697635 0.0442617 0.0510267 0.0314122
0 0.344589 0.282089 0.0782301 0.0848293 0.031294
0 0.983209 0.834458 0.0335815 0.0612915 0.03118
1 0.683404 0.0161001 0.0538374 0.0322001 0.0310921
0 0.392112 0.464463 0.0373925 0.0446653 0.0308191
0 0.156653 0.840474 0.0672677 0.0670183 0.0307253
0 0.322042 0.220587 0.0438157 0.0501467 0.0304098
0 0.880027 0.96659 0.0563457 0.0668209 0.0302432
0 0.603675 0.449059 0.0644577 0.0710646 0.0301583
1 0.266359 0.597982 0.0419354 0.0474225 0.0299469
0 0.841251 0.674442 0.0751354 0.0773752 0.0293421
0 0.619691 0.559078 0.0522804 0.0528103 0.0288841
0 0.0193295 0.638188 0.0341664 0.0561864 0.0288146
0 0.440564 0.628536 0.0585051 0.0574482 0.0287037
0 0.456833 0.218345 0.0635817 0.0805764 0.0284453
1 0.98053 0.655641 0.0389393 0.0833814 0.0284385
0 0.743169 0.901901 0.0435789 0.0496475 0.0284247
0 0.42942 0.754976 0.0662758 0.0658318 0.0282873
0 0.704868 0.558856 0.0613361 0.061334 0.0282269
1 0.505952 0.83015 0.0470881 0.0528614 0.0282103
0 0.942429 0.0593654 0.0412054 0.0450249 0.0280948
0 0.708833 0.0992273 0.0441379 0.0453023 0.0280542
1 0.981869 0.78979 0.0320583 0.0541892 0.0279427
0 0.0815423 0.326072 0.0296536 0.0414544 0.0278724
0 0.105625 0.214371 0.0626046 0.0721725 0.0275116
0 0.244958 0.178616 0.0418716 0.0489023 0.0274944
0 0.518299 0.864764 0.0327341 0.039192 0.0274648
0 0.295955 0.9367 0.0437242 0.0493881 0.0273478
0 0.419767 0.620566 0.0586208 0.0725718 0.0270053
0 0.493976 0.0557472 0.0513968 0.0510496 0.0268972
0 0.71963 0.487208 0.0699614 0.0829594 0.0268169
0 0.878044 0.94137 0.0539455 0.0543461 0.0267412
0 0.809448 0.808114 0.0355354 0.0431988 0.0265895
1 0.172294 0.0887131 0.105127 0.101137 0.0265362
0 0.589472 0.628365 0.0516708 0.0526117 0.0265248
0 0.69329 0.558295 0.0645975 0.0682197 0.0264293
0 0.780241 0.527782 0.0306246 0.0398607 0.0263148
0 0.221274 0.860802 0.0409527 0.053352 0.0262634
0 0.407227 0.750663 0.0544308 0.0569057 0.0262443
0 0.394628 0.666894 0.0395913 0.0440134 0.0262011
0 0.0693986 0.622269 0.0486219 0.0578036 0.0261394
0 0.356818 0.281691 0.0798637 0.0975787 0.0261139
0 0.438899 0.936543 0.0362663 0.0442707 0.0259924
0 0.606176 0.248011 0.0548835 0.0601098 0.025958
0 0.530711 0.491499 0.0576033 0.0727577 0.0259266
0 0.603865 0.25322 0.0453362 0.0542218 0.0256838
0 0.840628 0.686257 0.0564892 0.0602301 0.0255799
0 0.317478 0.400231 0.0738001 0.0873436 0.0253993
0 0.767563 0.824384 0.0491084 0.056513 0.0252773
0 0.630059 0.565809 0.0577215 0.0532635 0.0252584
0 0.594985 0.448519 0.0509886 0.0563743 0.0250791
0 0.22621 0.284747 0.0403498 0.0433439 0.0249278
0 0.980539 0.541215 0.0371761 0.0667723 0.0248218
1 0.503737 0.921254 0.0301913 0.038298 0.0248191
0 0.0170343 0.514226 0.0326538 0.0436564 0.0242872
0 0.980676 0.0951247 0.0386478 0.0706283 0.0241772
1 0.730556 0.178076 0.0420129 0.0451119 0.0241474
0 0.596817 0.254749 0.0389478 0.0524051 0.0241444
0 0.432935 0.937285 0.025832 0.0331797 0.0241264
0 0.71418 0.60453 0.045694 0.0472055 0.024112
0 0.338808 0.358801 0.0608912 0.0644743 0.0240968
0 0.20454 0.324778 0.0379007 0.0486759 0.0239086
0 0.195611 0.803226 0.031692 0.0415716 0.0238469
0 0.729596 0.499944 0.0493643 0.0596474 0.0238462
0 0.831429 0.685834 0.0452332 0.0520035 0.0238433
0 0.644566 0.834284 0.072961 0.083317 0.0238333
0 0.62054 0.819423 0.0471611 0.0533955 0.0238194
0 0.405892 0.02409 0.0415995 0.0411619 0.0238039
0 0.344372 0.289894 0.0593049 0.0692747 0.0237734
0 0.44176 0.758354 0.0574469 0.0603289 0.0237545
1 0.622334 0.663105 0.0259195 0.0332763 0.0237378
0 0.479271 0.22087 0.0786909 0.0851816 0.023678
0 0.292371 0.981682 0.0538306 0.0366369 0.0236552
0 0.595201 0.248763 0.0586422 0.0678976 0.0236547
0 0.317331 0.4121 0.0579634 0.064753 0.0234783
0 0.919667 0.916912 0.0343178 0.0389801 0.0234031
0 0.251474 0.179636 0.051928 0.0588692 0.023298
0 0.468987 0.223893 0.0487765 0.0546483 0.0232958
0 0.0668131 0.706573 0.0509874 0.0630581 0.0230897
0 0.0210651 0.975591 0.0421301 0.0488186 0.0230801
0 0.643469 0.341116 0.0758791 0.0817221 0.0229594
0 0.765387 0.144804 0.0613947 0.067103 0.022787
0 0.680868 0.212286 0.0434549 0.0553493 0.0227764
0 0.442453 0.762061 0.0402618 0.0460739 0.0226861
0 0.955477 0.976205 0.0536181 0.0475904 0.0226855
0 0.742376 0.976225 0.0550493 0.0437418 0.0226387
1 0.916277 0.502301 0.0788708 0.132853 0.0226366
1 0.88162 0.751543 0.0538994 0.0620955 0.0225403
0 0.979453 0.181087 0.0406643 0.0526409 0.0224356
0 0.219627 0.390796 0.0415988 0.0559671 0.0222675
0 0.979111 0.252795 0.0417789 0.0595181 0.0222333
0 0.454091 0.292299 0.0751729 0.0771899 0.0221752
0 0.0951035 0.843949 0.0443745 0.0612597 0.0221654
0 0.368322 0.636178 0.0813477 0.0846572 0.0220221
0 0.61955 0.566209 0.048793 0.0534348 0.021991
0 0.357409 0.634338 0.0845887 0.0945374 0.0218502
0 0.300076 0.768397 0.0512536 0.0539259 0.0217988
1 0.955477 0.976205 0.0536181 0.0475904 0.02176
0 0.216541 0.866639 0.0362138 0.0470108 0.0216334
1 0.156464 0.177792 0.0598786 0.0590783 0.0216306
0 0.869056 0.937438 0.0374079 0.0371357 0.0214621
0 0.10457 0.537979 0.0692391 0.0727611 0.0213451
0 0.332511 0.269713 0.0664765 0.0554924 0.0213355
0 0.116892 0.66557 0.0628244 0.0606585 0.0212432
0 0.667917 0.934044 0.0414337 0.043 0.0211864
0 0.0694658 0.626878 0.0407045 0.0465586 0.0210365
1 0.0199422 0.209304 0.0398843 0.085419 0.0209534
1 0.0347927 0.440675 0.0274718 0.0308044 0.0207832
0 0.942429 0.401136 0.032938 0.0413897 0.0207785
0 0.0781734 0.621449 0.0620819 0.0642803 0.0206916
0 0.330989 0.36102 0.0299896 0.0336267 0.0206396
0 0.344043 0.300174 0.0405984 0.0424725 0.0206189
0 0.0667056 0.896222 0.0585962 0.0660042 0.0205881
0 0.355049 0.302457 0.049275 0.0586672 0.0205872
1 0.984471 0.901917 0.0270538 0.0334854 0.020436
1 0.445065 0.0179113 0.0598739 0.0335003 0.0203552
0 0.577035 0.845383 0.057922 0.0658024 0.0203094
1 0.224857 0.503632 0.0485547 0.0569698 0.0201747
1 0.273235 0.837048 0.0244055 0.0296249 0.0200101
0 0.890637 0.9762 0.0457008 0.0461254 0.0197516
0 0.979098 0.295063 0.0418047 0.0575797 0.0197369
1 0.828696 0.906895 0.0394192 0.0470779 0.0197335
0 0.780029 0.5776 0.0490767 0.0530128 0.0196109
0 0.44181 0.849997 0.039314 0.0539703 0.0196008
1 0.680126 0.0159166 0.0573487 0.0318331 0.0193357
0 0.169401 0.461523 0.0782878 0.0872166 0.0193322
0 0.133428 0.565453 0.0606938 0.0684784 0.0193173
0 0.693867 0.95508 0.0414652 0.0444681 0.0192835
0 0.664573 0.63507 0.0732611 0.0783997 0.0192435
1 0.170118 0.0939941 0.115684 0.145431 0.0191586
0 0.0517465 0.269448 0.05672 0.0757204 0.0191372
0 0.307309 0.410905 0.0453979 0.0542801 0.0190918
0 0.629751 0.823933 0.043902 0.0487747 0.0189799
0 0.880536 0.975702 0.04513 0.0434494 0.0189427
0 0.158014 0.921568 0.0677234 0.085688 0.0188813
0 0.693749 0.563818 0.0515892 0.0529394 0.0188769
0 0.440832 0.127699 0.058974 0.0581792 0.0187602
0 0.665962 0.847318 0.0483368 0.0500679 0.018752
1 0.97957 0.621012 0.0408599 0.098144 0.0187369
0 0.743609 0.220432 0.0575283 0.0616157 0.0187066
0 0.589026 0.976908 0.0584286 0.0461843 0.0187059
1 0.291834 0.588159 0.0370434 0.0494526 0.0183954
0 0.893687 0.600041 0.0355692 0.0448092 0.0182098
0 0.767852 0.700381 0.0314661 0.0399267 0.0181764
1 0.97911 0.470728 0.0417805 0.0675282 0.0181677
1 0.0107763 0.341297 0.0215526 0.0452243 0.0181547
0 0.729442 0.380179 0.04772 0.0508105 0.0180787
0 0.0533695 0.274359 0.0414936 0.0555883 0.0180654
0 0.419245 0.626266 0.0499763 0.0535498 0.0180445
0 0.620858 0.894005 0.0348512 0.0380894 0.0180378
0 0.435256 0.691876 0.0458681 0.0524136 0.0179766
0 0.443544 0.297121 0.0496561 0.0488336 0.01797
1 0.558404 0.0247922 0.041221 0.0427272 0.0179275
0 0.895227 0.360772 0.0440983 0.0509736 0.0178563
0 0.265969 0.465575 0.043099 0.0586353 0.0178092
0 0.529176 0.526595 0.0501197 0.05534 0.01768
0 0.902127 0.600148 0.0470882 0.0617341 0.01766
1 0.780389 0.578181 0.0319967 0.0393288 0.0175988
1 0.981495 0.770186 0.0370099 0.0931258 0.0175918
0 0.101957 0.84421 0.0446394 0.0517887 0.0175644
0 0.689681 0.205943 0.0525145 0.0626295 0.0175583
0 0.742989 0.496564 0.0884216 0.096834 0.0175247
